00000000
00000000
00000000
00000000
00000000
00000000
00000000
00000000
00000000
00000000
00000000
00000000
00000000
00000000
00000000
00000000
00000000
00000000
00000000
00000000
00000000
00000000
00000000
00000000
00000000
00000000
00000000
00000000
00000000
00000000
00000000
00000000
00000000
00000000
00000000
00000000
00000000
00000000
00000000
00000000
00000000
00000000
00000000
00000000
00000000
00000000
00000000
00000000
00000000
00000000
00000000
00000000
00000000
00000000
00000000
00000000
00000000
00000000
00000000
00000000
00000000
00000000
00000000
00000000
11100000
11100000
11100000
11100000
11100000
11100000
11100000
11100000
11100000
11100000
11100000
11100000
11100000
11100000
11100000
11100000
11100000
11000100
00111001
00111001
00111001
00111001
11000100
11100000
11100000
10101000
00011101
00011101
00011101
00011101
11000100
11100000
11100000
10101000
00011101
00011101
00011101
00011101
11000100
11100000
11100000
11000100
00111001
00111001
00111001
00111001
11100000
11100000
11100000
11100000
11100000
11100000
11100000
11100000
11100000
11100000
11100000
11100000
11100000
11100000
11100000
11100000
11100000
11100000
